{
  "accessors": [
    {
      "bufferView": 2,
      "componentType": 5126,
      "count": 46,
      "max": [
        23.06926918029785,
        1.9555983543395996,
        137.6907196044922
      ],
      "min": [
        -1.7903435230255127,
        -38.962894439697266,
        2.123567277578786e-08
      ],
      "type": "VEC3"
    },
    {
      "bufferView": 2,
      "byteOffset": 552,
      "componentType": 5126,
      "count": 46,
      "max": [
        0.9754073023796082,
        0.9936150312423706,
        0.8191516995429993
      ],
      "min": [
        -0.9028563499450684,
        -0.8692842721939087,
        -1.0
      ],
      "type": "VEC3"
    },
    {
      "bufferView": 1,
      "componentType": 5126,
      "count": 46,
      "max": [
        0.949999988079071,
        1.0
      ],
      "min": [
        -0.050000011920928955,
        0.0
      ],
      "type": "VEC2"
    },
    {
      "bufferView": 0,
      "componentType": 5125,
      "count": 168,
      "type": "SCALAR"
    },
    {
      "bufferView": 2,
      "byteOffset": 1104,
      "componentType": 5126,
      "count": 35,
      "max": [
        16.916738510131836,
        1.582830548286438,
        14.01620101928711
      ],
      "min": [
        -1.4843744039535522,
        -18.541446685791016,
        -2.1639013290405273
      ],
      "type": "VEC3"
    },
    {
      "bufferView": 2,
      "byteOffset": 1524,
      "componentType": 5126,
      "count": 35,
      "max": [
        0.877873957157135,
        0.974694550037384,
        0.95128333568573
      ],
      "min": [
        -0.9053707122802734,
        -0.9008065462112427,
        -0.9466387629508972
      ],
      "type": "VEC3"
    },
    {
      "bufferView": 1,
      "byteOffset": 368,
      "componentType": 5126,
      "count": 35,
      "max": [
        1.0,
        1.0
      ],
      "min": [
        0.0,
        0.0
      ],
      "type": "VEC2"
    },
    {
      "bufferView": 0,
      "byteOffset": 672,
      "componentType": 5125,
      "count": 114,
      "type": "SCALAR"
    },
    {
      "bufferView": 2,
      "byteOffset": 1944,
      "componentType": 5126,
      "count": 16,
      "max": [
        7.996553897857666,
        0.9922019839286804,
        3.376229763031006
      ],
      "min": [
        -0.428000807762146,
        -2.0740528106689453,
        -0.90078204870224
      ],
      "type": "VEC3"
    },
    {
      "bufferView": 2,
      "byteOffset": 2136,
      "componentType": 5126,
      "count": 16,
      "max": [
        0.5258062481880188,
        0.935539960861206,
        0.9189810156822205
      ],
      "min": [
        -0.8960294723510742,
        -0.8578730225563049,
        -0.8302558660507202
      ],
      "type": "VEC3"
    },
    {
      "bufferView": 1,
      "byteOffset": 648,
      "componentType": 5126,
      "count": 16,
      "max": [
        0.949999988079071,
        1.0
      ],
      "min": [
        -0.050000011920928955,
        0.0
      ],
      "type": "VEC2"
    },
    {
      "bufferView": 0,
      "byteOffset": 1128,
      "componentType": 5125,
      "count": 24,
      "type": "SCALAR"
    },
    {
      "bufferView": 2,
      "byteOffset": 2328,
      "componentType": 5126,
      "count": 35,
      "max": [
        1.5038352012634277,
        15.300021171569824,
        1.789695143699646
      ],
      "min": [
        -17.20603370666504,
        -1.99896240234375,
        -17.89904022216797
      ],
      "type": "VEC3"
    },
    {
      "bufferView": 2,
      "byteOffset": 2748,
      "componentType": 5126,
      "count": 35,
      "max": [
        0.9360366463661194,
        0.9760987758636475,
        0.9762922525405884
      ],
      "min": [
        -0.9575537443161011,
        -0.9685506820678711,
        -0.9352104067802429
      ],
      "type": "VEC3"
    },
    {
      "bufferView": 1,
      "byteOffset": 776,
      "componentType": 5126,
      "count": 35,
      "max": [
        1.0,
        1.0
      ],
      "min": [
        0.0,
        0.0
      ],
      "type": "VEC2"
    },
    {
      "bufferView": 0,
      "byteOffset": 1224,
      "componentType": 5125,
      "count": 114,
      "type": "SCALAR"
    },
    {
      "bufferView": 2,
      "byteOffset": 3168,
      "componentType": 5126,
      "count": 16,
      "max": [
        7.8060479164123535,
        3.7719125747680664,
        2.117504358291626
      ],
      "min": [
        -0.47498440742492676,
        -0.9022951722145081,
        -0.977493166923523
      ],
      "type": "VEC3"
    },
    {
      "bufferView": 2,
      "byteOffset": 3360,
      "componentType": 5126,
      "count": 16,
      "max": [
        0.5550017356872559,
        0.881067156791687,
        0.9008198976516724
      ],
      "min": [
        -0.8746826648712158,
        -0.8266658186912537,
        -0.9207229018211365
      ],
      "type": "VEC3"
    },
    {
      "bufferView": 1,
      "byteOffset": 1056,
      "componentType": 5126,
      "count": 16,
      "max": [
        0.949999988079071,
        1.0
      ],
      "min": [
        -0.050000011920928955,
        0.0
      ],
      "type": "VEC2"
    },
    {
      "bufferView": 0,
      "byteOffset": 1680,
      "componentType": 5125,
      "count": 24,
      "type": "SCALAR"
    },
    {
      "bufferView": 2,
      "byteOffset": 3552,
      "componentType": 5126,
      "count": 35,
      "max": [
        48.84995651245117,
        5.051804542541504,
        135.8348846435547
      ],
      "min": [
        3.8415634632110596,
        -15.459596633911133,
        27.9403076171875
      ],
      "type": "VEC3"
    },
    {
      "bufferView": 2,
      "byteOffset": 3972,
      "componentType": 5126,
      "count": 35,
      "max": [
        0.9172104597091675,
        0.9999678134918213,
        0.8164694905281067
      ],
      "min": [
        -0.9066057801246643,
        -0.8214187622070313,
        -0.4837966561317444
      ],
      "type": "VEC3"
    },
    {
      "bufferView": 1,
      "byteOffset": 1184,
      "componentType": 5126,
      "count": 35,
      "max": [
        0.949999988079071,
        1.0
      ],
      "min": [
        -0.050000011920928955,
        0.19999998807907104
      ],
      "type": "VEC2"
    },
    {
      "bufferView": 0,
      "byteOffset": 1776,
      "componentType": 5125,
      "count": 129,
      "type": "SCALAR"
    },
    {
      "bufferView": 2,
      "byteOffset": 4392,
      "componentType": 5126,
      "count": 35,
      "max": [
        23.799854278564453,
        3.899920701980591,
        14.690984725952148
      ],
      "min": [
        -0.6228342652320862,
        -4.923214912414551,
        -2.0561046600341797
      ],
      "type": "VEC3"
    },
    {
      "bufferView": 2,
      "byteOffset": 4812,
      "componentType": 5126,
      "count": 35,
      "max": [
        0.9982109069824219,
        0.920691967010498,
        0.9558390974998474
      ],
      "min": [
        -0.978740394115448,
        -0.9231142401695251,
        -0.9422978162765503
      ],
      "type": "VEC3"
    },
    {
      "bufferView": 1,
      "byteOffset": 1464,
      "componentType": 5126,
      "count": 35,
      "max": [
        1.0,
        1.0
      ],
      "min": [
        0.0,
        0.0
      ],
      "type": "VEC2"
    },
    {
      "bufferView": 0,
      "byteOffset": 2292,
      "componentType": 5125,
      "count": 114,
      "type": "SCALAR"
    },
    {
      "bufferView": 2,
      "byteOffset": 5232,
      "componentType": 5126,
      "count": 16,
      "max": [
        6.247175693511963,
        3.671146869659424,
        5.209698677062988
      ],
      "min": [
        -0.7113063335418701,
        -0.9054486751556396,
        -0.7671716213226318
      ],
      "type": "VEC3"
    },
    {
      "bufferView": 2,
      "byteOffset": 5424,
      "componentType": 5126,
      "count": 16,
      "max": [
        0.7356101870536804,
        0.8875746726989746,
        0.8517510890960693
      ],
      "min": [
        -0.70000821352005,
        -0.831011176109314,
        -0.6772727370262146
      ],
      "type": "VEC3"
    },
    {
      "bufferView": 1,
      "byteOffset": 1744,
      "componentType": 5126,
      "count": 16,
      "max": [
        0.949999988079071,
        1.0
      ],
      "min": [
        -0.050000011920928955,
        0.0
      ],
      "type": "VEC2"
    },
    {
      "bufferView": 0,
      "byteOffset": 2748,
      "componentType": 5125,
      "count": 24,
      "type": "SCALAR"
    },
    {
      "bufferView": 2,
      "byteOffset": 5616,
      "componentType": 5126,
      "count": 35,
      "max": [
        34.45657730102539,
        -4.184077262878418,
        138.52891540527344
      ],
      "min": [
        -2.0624046325683594,
        -25.68654441833496,
        28.075063705444336
      ],
      "type": "VEC3"
    },
    {
      "bufferView": 2,
      "byteOffset": 6036,
      "componentType": 5126,
      "count": 35,
      "max": [
        0.9822161793708801,
        0.9914042353630066,
        0.8558247685432434
      ],
      "min": [
        -0.8904290199279785,
        -0.87628573179245,
        -0.4217045307159424
      ],
      "type": "VEC3"
    },
    {
      "bufferView": 1,
      "byteOffset": 1872,
      "componentType": 5126,
      "count": 35,
      "max": [
        0.949999988079071,
        1.0
      ],
      "min": [
        -0.050000011920928955,
        0.19999998807907104
      ],
      "type": "VEC2"
    },
    {
      "bufferView": 0,
      "byteOffset": 2844,
      "componentType": 5125,
      "count": 129,
      "type": "SCALAR"
    },
    {
      "bufferView": 2,
      "byteOffset": 6456,
      "componentType": 5126,
      "count": 35,
      "max": [
        0.482124924659729,
        4.678470611572266,
        2.5319581031799316
      ],
      "min": [
        -24.55022621154785,
        -3.5866763591766357,
        -13.366903305053711
      ],
      "type": "VEC3"
    },
    {
      "bufferView": 2,
      "byteOffset": 6876,
      "componentType": 5126,
      "count": 35,
      "max": [
        0.9897419810295105,
        0.8601404428482056,
        0.9870240688323975
      ],
      "min": [
        -0.9919710755348206,
        -0.8517389893531799,
        -0.9938438534736633
      ],
      "type": "VEC3"
    },
    {
      "bufferView": 1,
      "byteOffset": 2152,
      "componentType": 5126,
      "count": 35,
      "max": [
        1.0,
        1.0
      ],
      "min": [
        0.0,
        0.0
      ],
      "type": "VEC2"
    },
    {
      "bufferView": 0,
      "byteOffset": 3360,
      "componentType": 5125,
      "count": 114,
      "type": "SCALAR"
    },
    {
      "bufferView": 2,
      "byteOffset": 7296,
      "componentType": 5126,
      "count": 16,
      "max": [
        6.388053894042969,
        0.9097307920455933,
        4.754013538360596
      ],
      "min": [
        -0.629183828830719,
        -4.029592990875244,
        -0.7528772354125977
      ],
      "type": "VEC3"
    },
    {
      "bufferView": 2,
      "byteOffset": 7488,
      "componentType": 5126,
      "count": 16,
      "max": [
        0.7693588733673096,
        0.8305822014808655,
        0.8965391516685486
      ],
      "min": [
        -0.7157938480377197,
        -0.8166928291320801,
        -0.6692367792129517
      ],
      "type": "VEC3"
    },
    {
      "bufferView": 1,
      "byteOffset": 2432,
      "componentType": 5126,
      "count": 16,
      "max": [
        0.949999988079071,
        1.0
      ],
      "min": [
        -0.050000011920928955,
        0.0
      ],
      "type": "VEC2"
    },
    {
      "bufferView": 0,
      "byteOffset": 3816,
      "componentType": 5125,
      "count": 24,
      "type": "SCALAR"
    },
    {
      "bufferView": 2,
      "byteOffset": 7680,
      "componentType": 5126,
      "count": 46,
      "max": [
        14.250215530395508,
        1.8566303253173828,
        137.6907196044922
      ],
      "min": [
        -1.6205309629440308,
        -42.8757438659668,
        -1.4231150657906255e-07
      ],
      "type": "VEC3"
    },
    {
      "bufferView": 2,
      "byteOffset": 8232,
      "componentType": 5126,
      "count": 46,
      "max": [
        0.9998414516448975,
        0.9462525844573975,
        0.8191518187522888
      ],
      "min": [
        -0.8473541140556335,
        -0.9565819501876831,
        -1.0
      ],
      "type": "VEC3"
    },
    {
      "bufferView": 1,
      "byteOffset": 2560,
      "componentType": 5126,
      "count": 46,
      "max": [
        0.949999988079071,
        1.0
      ],
      "min": [
        -0.050000011920928955,
        0.0
      ],
      "type": "VEC2"
    },
    {
      "bufferView": 0,
      "byteOffset": 3912,
      "componentType": 5125,
      "count": 168,
      "type": "SCALAR"
    },
    {
      "bufferView": 2,
      "byteOffset": 8784,
      "componentType": 5126,
      "count": 35,
      "max": [
        0.6468104124069214,
        3.3120639324188232,
        2.1639022827148438
      ],
      "min": [
        -23.70420265197754,
        -8.38560676574707,
        -14.016204833984375
      ],
      "type": "VEC3"
    },
    {
      "bufferView": 2,
      "byteOffset": 9204,
      "componentType": 5126,
      "count": 35,
      "max": [
        0.9817968606948853,
        0.9537230730056763,
        0.946638822555542
      ],
      "min": [
        -0.9991263747215271,
        -0.9359596371650696,
        -0.95128333568573
      ],
      "type": "VEC3"
    },
    {
      "bufferView": 1,
      "byteOffset": 2928,
      "componentType": 5126,
      "count": 35,
      "max": [
        1.0,
        1.0
      ],
      "min": [
        0.0,
        0.0
      ],
      "type": "VEC2"
    },
    {
      "bufferView": 0,
      "byteOffset": 4584,
      "componentType": 5125,
      "count": 114,
      "type": "SCALAR"
    },
    {
      "bufferView": 2,
      "byteOffset": 9624,
      "componentType": 5126,
      "count": 35,
      "max": [
        24.15239906311035,
        7.6102752685546875,
        13.366894721984863
      ],
      "min": [
        -0.4438774585723877,
        -3.3240559101104736,
        -2.531959056854248
      ],
      "type": "VEC3"
    },
    {
      "bufferView": 2,
      "byteOffset": 10044,
      "componentType": 5126,
      "count": 35,
      "max": [
        0.978882908821106,
        0.9192488789558411,
        0.9938439130783081
      ],
      "min": [
        -0.9409940838813782,
        -0.9168861508369446,
        -0.9870242476463318
      ],
      "type": "VEC3"
    },
    {
      "bufferView": 1,
      "byteOffset": 3208,
      "componentType": 5126,
      "count": 35,
      "max": [
        1.0,
        1.0
      ],
      "min": [
        0.0,
        0.0
      ],
      "type": "VEC2"
    },
    {
      "bufferView": 0,
      "byteOffset": 5040,
      "componentType": 5125,
      "count": 114,
      "type": "SCALAR"
    },
    {
      "bufferView": 2,
      "byteOffset": 10464,
      "componentType": 5126,
      "count": 16,
      "max": [
        5.478547096252441,
        2.289231061935425,
        6.662614345550537
      ],
      "min": [
        -0.7679517269134521,
        -0.9061376452445984,
        -0.6679403781890869
      ],
      "type": "VEC3"
    },
    {
      "bufferView": 2,
      "byteOffset": 10656,
      "componentType": 5126,
      "count": 16,
      "max": [
        0.8171120882034302,
        0.9677920341491699,
        0.6867558360099792
      ],
      "min": [
        -0.6745932698249817,
        -0.8493412137031555,
        -0.7465589046478271
      ],
      "type": "VEC3"
    },
    {
      "bufferView": 1,
      "byteOffset": 3488,
      "componentType": 5126,
      "count": 16,
      "max": [
        0.949999988079071,
        1.0
      ],
      "min": [
        -0.050000011920928955,
        0.0
      ],
      "type": "VEC2"
    },
    {
      "bufferView": 0,
      "byteOffset": 5496,
      "componentType": 5125,
      "count": 24,
      "type": "SCALAR"
    },
    {
      "bufferView": 2,
      "byteOffset": 10848,
      "componentType": 5126,
      "count": 16,
      "max": [
        5.487947463989258,
        5.056790351867676,
        4.894567966461182
      ],
      "min": [
        -0.7956557273864746,
        -0.8271654844284058,
        -0.7164084911346436
      ],
      "type": "VEC3"
    },
    {
      "bufferView": 2,
      "byteOffset": 11040,
      "componentType": 5126,
      "count": 16,
      "max": [
        0.7744204998016357,
        0.8098111748695374,
        0.892336368560791
      ],
      "min": [
        -0.7013348340988159,
        -0.7373978495597839,
        -0.6320800185203552
      ],
      "type": "VEC3"
    },
    {
      "bufferView": 1,
      "byteOffset": 3616,
      "componentType": 5126,
      "count": 16,
      "max": [
        0.949999988079071,
        1.0
      ],
      "min": [
        -0.050000011920928955,
        0.0
      ],
      "type": "VEC2"
    },
    {
      "bufferView": 0,
      "byteOffset": 5592,
      "componentType": 5125,
      "count": 24,
      "type": "SCALAR"
    },
    {
      "bufferView": 2,
      "byteOffset": 11232,
      "componentType": 5126,
      "count": 35,
      "max": [
        44.73820877075195,
        1.8721494674682617,
        137.6907196044922
      ],
      "min": [
        0.19673730432987213,
        -1.872252106666565,
        15.09373664855957
      ],
      "type": "VEC3"
    },
    {
      "bufferView": 2,
      "byteOffset": 11652,
      "componentType": 5126,
      "count": 35,
      "max": [
        0.9900943040847778,
        0.9599278569221497,
        0.8191515803337097
      ],
      "min": [
        -0.8036454916000366,
        -0.9599278569221497,
        -0.5224985480308533
      ],
      "type": "VEC3"
    },
    {
      "bufferView": 1,
      "byteOffset": 3744,
      "componentType": 5126,
      "count": 35,
      "max": [
        0.949999988079071,
        1.0
      ],
      "min": [
        -0.050000011920928955,
        0.19999998807907104
      ],
      "type": "VEC2"
    },
    {
      "bufferView": 0,
      "byteOffset": 5688,
      "componentType": 5125,
      "count": 129,
      "type": "SCALAR"
    },
    {
      "bufferView": 2,
      "byteOffset": 12072,
      "componentType": 5126,
      "count": 46,
      "max": [
        43.61865234375,
        11.523523330688477,
        137.6907196044922
      ],
      "min": [
        -1.8099300861358643,
        -1.6900746822357178,
        2.123567277578786e-08
      ],
      "type": "VEC3"
    },
    {
      "bufferView": 2,
      "byteOffset": 12624,
      "componentType": 5126,
      "count": 46,
      "max": [
        0.973156750202179,
        0.9975332021713257,
        0.819151759147644
      ],
      "min": [
        -0.9233555197715759,
        -0.8788068294525146,
        -1.0
      ],
      "type": "VEC3"
    },
    {
      "bufferView": 1,
      "byteOffset": 4024,
      "componentType": 5126,
      "count": 46,
      "max": [
        0.949999988079071,
        1.0
      ],
      "min": [
        -0.050000011920928955,
        0.0
      ],
      "type": "VEC2"
    },
    {
      "bufferView": 0,
      "byteOffset": 6204,
      "componentType": 5125,
      "count": 168,
      "type": "SCALAR"
    }
  ],
  "asset": {
    "extras": {
      "author": "undeadfae (https://sketchfab.com/undeadfae)",
      "license": "CC-BY-4.0 (http://creativecommons.org/licenses/by/4.0/)",
      "source": "https://sketchfab.com/3d-models/plants-b340ad87a8fe499e8e19b8359e2f7295",
      "title": "Plants"
    },
    "generator": "Sketchfab-12.68.0",
    "version": "2.0"
  },
  "bufferViews": [
    {
      "buffer": 0,
      "byteLength": 6876,
      "name": "floatBufferViews",
      "target": 34963
    },
    {
      "buffer": 0,
      "byteLength": 4392,
      "byteOffset": 6876,
      "byteStride": 8,
      "name": "floatBufferViews",
      "target": 34962
    },
    {
      "buffer": 0,
      "byteLength": 13176,
      "byteOffset": 11268,
      "byteStride": 12,
      "name": "floatBufferViews",
      "target": 34962
    }
  ],
  "buffers": [
    {
      "byteLength": 24444,
      "uri": "scene.bin"
    }
  ],
  "materials": [
    {
      "doubleSided": true,
      "name": "Material_11",
      "pbrMetallicRoughness": {
        "baseColorFactor": [
          0.172549,
          0.486275,
          0.0862745,
          1.0
        ],
        "metallicFactor": 0.0,
        "roughnessFactor": 0.8929713596
      }
    },
    {
      "doubleSided": true,
      "name": "Material_12",
      "pbrMetallicRoughness": {
        "baseColorFactor": [
          0.227451,
          0.0862745,
          0.0588235,
          1.0
        ],
        "metallicFactor": 0.0,
        "roughnessFactor": 0.8929713596
      }
    }
  ],
  "meshes": [
    {
      "name": "Cylinder015_Material #11_0",
      "primitives": [
        {
          "attributes": {
            "NORMAL": 1,
            "POSITION": 0,
            "TEXCOORD_0": 2
          },
          "indices": 3,
          "material": 0,
          "mode": 4
        }
      ]
    },
    {
      "name": "Capsule001_Material #12_0",
      "primitives": [
        {
          "attributes": {
            "NORMAL": 5,
            "POSITION": 4,
            "TEXCOORD_0": 6
          },
          "indices": 7,
          "material": 1,
          "mode": 4
        }
      ]
    },
    {
      "name": "Cone001_Material #11_0",
      "primitives": [
        {
          "attributes": {
            "NORMAL": 9,
            "POSITION": 8,
            "TEXCOORD_0": 10
          },
          "indices": 11,
          "material": 0,
          "mode": 4
        }
      ]
    },
    {
      "name": "Capsule002_Material #12_0",
      "primitives": [
        {
          "attributes": {
            "NORMAL": 13,
            "POSITION": 12,
            "TEXCOORD_0": 14
          },
          "indices": 15,
          "material": 1,
          "mode": 4
        }
      ]
    },
    {
      "name": "Cone002_Material #11_0",
      "primitives": [
        {
          "attributes": {
            "NORMAL": 17,
            "POSITION": 16,
            "TEXCOORD_0": 18
          },
          "indices": 19,
          "material": 0,
          "mode": 4
        }
      ]
    },
    {
      "name": "Cylinder016_Material #11_0",
      "primitives": [
        {
          "attributes": {
            "NORMAL": 21,
            "POSITION": 20,
            "TEXCOORD_0": 22
          },
          "indices": 23,
          "material": 0,
          "mode": 4
        }
      ]
    },
    {
      "name": "Capsule003_Material #12_0",
      "primitives": [
        {
          "attributes": {
            "NORMAL": 25,
            "POSITION": 24,
            "TEXCOORD_0": 26
          },
          "indices": 27,
          "material": 1,
          "mode": 4
        }
      ]
    },
    {
      "name": "Cone003_Material #11_0",
      "primitives": [
        {
          "attributes": {
            "NORMAL": 29,
            "POSITION": 28,
            "TEXCOORD_0": 30
          },
          "indices": 31,
          "material": 0,
          "mode": 4
        }
      ]
    },
    {
      "name": "Cylinder017_Material #11_0",
      "primitives": [
        {
          "attributes": {
            "NORMAL": 33,
            "POSITION": 32,
            "TEXCOORD_0": 34
          },
          "indices": 35,
          "material": 0,
          "mode": 4
        }
      ]
    },
    {
      "name": "Capsule004_Material #12_0",
      "primitives": [
        {
          "attributes": {
            "NORMAL": 37,
            "POSITION": 36,
            "TEXCOORD_0": 38
          },
          "indices": 39,
          "material": 1,
          "mode": 4
        }
      ]
    },
    {
      "name": "Cone004_Material #11_0",
      "primitives": [
        {
          "attributes": {
            "NORMAL": 41,
            "POSITION": 40,
            "TEXCOORD_0": 42
          },
          "indices": 43,
          "material": 0,
          "mode": 4
        }
      ]
    },
    {
      "name": "Cylinder018_Material #11_0",
      "primitives": [
        {
          "attributes": {
            "NORMAL": 45,
            "POSITION": 44,
            "TEXCOORD_0": 46
          },
          "indices": 47,
          "material": 0,
          "mode": 4
        }
      ]
    },
    {
      "name": "Capsule005_Material #12_0",
      "primitives": [
        {
          "attributes": {
            "NORMAL": 49,
            "POSITION": 48,
            "TEXCOORD_0": 50
          },
          "indices": 51,
          "material": 1,
          "mode": 4
        }
      ]
    },
    {
      "name": "Capsule006_Material #12_0",
      "primitives": [
        {
          "attributes": {
            "NORMAL": 53,
            "POSITION": 52,
            "TEXCOORD_0": 54
          },
          "indices": 55,
          "material": 1,
          "mode": 4
        }
      ]
    },
    {
      "name": "Cone005_Material #11_0",
      "primitives": [
        {
          "attributes": {
            "NORMAL": 57,
            "POSITION": 56,
            "TEXCOORD_0": 58
          },
          "indices": 59,
          "material": 0,
          "mode": 4
        }
      ]
    },
    {
      "name": "Cone006_Material #11_0",
      "primitives": [
        {
          "attributes": {
            "NORMAL": 61,
            "POSITION": 60,
            "TEXCOORD_0": 62
          },
          "indices": 63,
          "material": 0,
          "mode": 4
        }
      ]
    },
    {
      "name": "Cylinder019_Material #11_0",
      "primitives": [
        {
          "attributes": {
            "NORMAL": 65,
            "POSITION": 64,
            "TEXCOORD_0": 66
          },
          "indices": 67,
          "material": 0,
          "mode": 4
        }
      ]
    },
    {
      "name": "Cylinder020_Material #11_0",
      "primitives": [
        {
          "attributes": {
            "NORMAL": 69,
            "POSITION": 68,
            "TEXCOORD_0": 70
          },
          "indices": 71,
          "material": 0,
          "mode": 4
        }
      ]
    }
  ],
  "nodes": [
    {
      "children": [
        1
      ],
      "matrix": [
        1.0,
        0.0,
        0.0,
        0.0,
        0.0,
        2.220446049250313e-16,
        -1.0,
        0.0,
        0.0,
        1.0,
        2.220446049250313e-16,
        0.0,
        0.0,
        0.0,
        0.0,
        1.0
      ],
      "name": "Sketchfab_model"
    },
    {
      "children": [
        2
      ],
      "matrix": [
        1.0,
        0.0,
        0.0,
        0.0,
        0.0,
        0.0,
        1.0,
        0.0,
        0.0,
        -1.0,
        0.0,
        0.0,
        0.0,
        0.0,
        0.0,
        1.0
      ],
      "name": "Plants.fbx"
    },
    {
      "children": [
        3,
        5,
        7,
        9,
        11,
        13,
        15,
        17,
        19,
        21,
        23,
        25,
        27,
        29,
        31,
        33,
        35,
        37
      ],
      "name": "RootNode"
    },
    {
      "children": [
        4
      ],
      "matrix": [
        0.8635520897404483,
        -5.551115123125783e-17,
        -0.5042596437401121,
        0.0,
        -0.5042596437401121,
        -2.220446049250313e-16,
        -0.8635520897404484,
        0.0,
        -5.551115123125783e-17,
        1.0,
        -2.220446049250313e-16,
        0.0,
        21.3858699798584,
        28.4183349609375,
        70.72640991210938,
        1.0
      ],
      "name": "Cylinder015"
    },
    {
      "mesh": 0,
      "name": "Cylinder015_Material #11_0"
    },
    {
      "children": [
        6
      ],
      "matrix": [
        0.7246358732638206,
        0.4697073321098194,
        -0.5042596098560442,
        0.0,
        -0.4231413947853182,
        -0.2742793183300174,
        -0.8635520919756703,
        0.0,
        -0.5439247637328641,
        0.8391339889422593,
        -1.7706438981690553e-08,
        0.0,
        56.46064758300781,
        160.48870849609375,
        91.33016967773438,
        1.0
      ],
      "name": "Capsule001"
    },
    {
      "mesh": 1,
      "name": "Capsule001_Material #12_0"
    },
    {
      "children": [
        8
      ],
      "matrix": [
        0.7733289119904463,
        0.47614350253124815,
        0.4186284257870552,
        0.0,
        0.6001772250141649,
        -0.3369901418473063,
        -0.7254135535422143,
        0.0,
        -0.2043273097587915,
        0.8122345694177999,
        -0.5463747383704853,
        0.0,
        68.71760559082031,
        181.9373779296875,
        98.41920471191406,
        1.0
      ],
      "name": "Cone001"
    },
    {
      "mesh": 2,
      "name": "Cone001_Material #11_0"
    },
    {
      "children": [
        10
      ],
      "matrix": [
        0.007674736022296632,
        -0.11757534107871721,
        -0.9930344284141435,
        0.0,
        0.8657572642851243,
        0.49773016675092696,
        -0.05224021864073575,
        0.0,
        0.5004053531686945,
        -0.8593258401969562,
        0.10561165327984764,
        0.0,
        36.534358978271484,
        141.72117614746094,
        113.69105529785156,
        1.0
      ],
      "name": "Capsule002"
    },
    {
      "mesh": 3,
      "name": "Capsule002_Material #12_0"
    },
    {
      "children": [
        12
      ],
      "matrix": [
        -0.20415698802377125,
        0.5967064897272994,
        0.7760549525377607,
        0.0,
        0.9501653422202522,
        0.31157352617064166,
        0.010392239973018844,
        0.0,
        -0.2355970610296763,
        0.7395021679714746,
        -0.6305797386677288,
        0.0,
        39.48556900024414,
        163.7057647705078,
        126.67181396484375,
        1.0
      ],
      "name": "Cone002"
    },
    {
      "mesh": 4,
      "name": "Cone002_Material #11_0"
    },
    {
      "children": [
        14
      ],
      "matrix": [
        0.8366262353900618,
        0.10236421272966784,
        0.5381246233069885,
        0.0,
        0.5355822587266552,
        0.053247972093216744,
        -0.8428026445172171,
        0.0,
        -0.11492687411701044,
        0.9933208048864152,
        -0.01027580583202825,
        0.0,
        20.571081161499023,
        8.610527038574219,
        80.16387939453125,
        1.0
      ],
      "name": "Cylinder016"
    },
    {
      "mesh": 5,
      "name": "Cylinder016_Material #11_0"
    },
    {
      "children": [
        16
      ],
      "matrix": [
        0.8577446121219997,
        0.5086442101496841,
        0.07453353511597488,
        0.0,
        0.11776744338755515,
        -0.05329102705780131,
        -0.9916102539370413,
        0.0,
        -0.500404845753555,
        0.8593259765166701,
        -0.10561181955648746,
        0.0,
        64.73236846923828,
        149.6758575439453,
        76.24211120605469,
        1.0
      ],
      "name": "Capsule003"
    },
    {
      "mesh": 6,
      "name": "Capsule003_Material #12_0"
    },
    {
      "children": [
        18
      ],
      "matrix": [
        0.30429991216417784,
        0.5505023385591024,
        0.777398699958929,
        0.0,
        0.9483043360929646,
        -0.09786647072133808,
        -0.30189554625158826,
        0.0,
        -0.09011294247488999,
        0.8290773956680644,
        -0.5518245460205415,
        0.0,
        77.98312377929688,
        171.66043090820313,
        77.51773071289063,
        1.0
      ],
      "name": "Cone003"
    },
    {
      "mesh": 7,
      "name": "Cone003_Material #11_0"
    },
    {
      "children": [
        20
      ],
      "matrix": [
        0.9964247793204848,
        -0.03979060873983699,
        0.07452762314897976,
        0.0,
        0.06984623867983852,
        -0.10830710885086944,
        -0.9916608853500466,
        0.0,
        0.04753065601826144,
        0.9933208345873105,
        -0.10514065014656637,
        0.0,
        29.446578979492188,
        16.565208435058594,
        64.67440795898438,
        1.0
      ],
      "name": "Cylinder017"
    },
    {
      "mesh": 8,
      "name": "Cylinder017_Material #11_0"
    },
    {
      "children": [
        22
      ],
      "matrix": [
        -0.8338675983590778,
        -0.5405108646768851,
        -0.11185917908367433,
        0.0,
        0.09386467484842062,
        0.060843267793649236,
        -0.9937240661168426,
        0.0,
        0.5439245646356448,
        -0.8391339759342575,
        -3.530264952523334e-07,
        0.0,
        65.1060791015625,
        157.7718505859375,
        64.65840911865234,
        1.0
      ],
      "name": "Capsule004"
    },
    {
      "mesh": 9,
      "name": "Capsule004_Material #12_0"
    },
    {
      "children": [
        24
      ],
      "matrix": [
        0.9787189137140252,
        0.18032076536073227,
        -0.09794748347026724,
        0.0,
        0.018966367077578622,
        -0.554760531934912,
        -0.8317937188441659,
        0.0,
        -0.2043271023935699,
        0.8122346338414028,
        -0.5463747201472355,
        0.0,
        79.16986083984375,
        179.22052001953125,
        66.30081939697266,
        1.0
      ],
      "name": "Cone004"
    },
    {
      "mesh": 10,
      "name": "Cone004_Material #11_0"
    },
    {
      "children": [
        26
      ],
      "matrix": [
        0.3909413301498261,
        1.1102230246251565e-16,
        -0.9204155998138475,
        0.0,
        -0.9204155998138475,
        2.220446049250313e-16,
        -0.39094133014982596,
        0.0,
        0.0,
        1.0,
        2.220446049250313e-16,
        0.0,
        24.67100715637207,
        25.70147705078125,
        60.213111877441406,
        1.0
      ],
      "name": "Cylinder018"
    },
    {
      "mesh": 11,
      "name": "Cylinder018_Material #11_0"
    },
    {
      "children": [
        28
      ],
      "matrix": [
        -0.7246362525622255,
        -0.46970732849008673,
        0.5042594227715268,
        0.0,
        -0.4231413146338586,
        -0.27427887699767123,
        -0.8635522024021132,
        0.0,
        0.5439244737748744,
        -0.8391341768922898,
        -1.5888587512336017e-07,
        0.0,
        50.525299072265625,
        160.48870849609375,
        -67.08563232421875,
        1.0
      ],
      "name": "Capsule005"
    },
    {
      "mesh": 12,
      "name": "Capsule005_Material #12_0"
    },
    {
      "children": [
        30
      ],
      "matrix": [
        0.8338678347885644,
        0.5405108247519842,
        0.11185920807408473,
        0.0,
        0.09386467603854776,
        0.060843282482837546,
        -0.9937240651050432,
        0.0,
        -0.5439245602418321,
        0.8391342629068227,
        3.8276476510451385e-07,
        0.0,
        59.17073059082031,
        157.7718505859375,
        -40.41387939453125,
        1.0
      ],
      "name": "Capsule006"
    },
    {
      "mesh": 13,
      "name": "Capsule006_Material #12_0"
    },
    {
      "children": [
        32
      ],
      "matrix": [
        0.7733289119904463,
        0.47614350253124815,
        0.4186284257870552,
        0.0,
        0.6001772250141649,
        -0.3369901418473063,
        -0.7254135535422143,
        0.0,
        -0.2043273097587915,
        0.8122345694177999,
        -0.5463747383704853,
        0.0,
        62.782257080078125,
        181.9373779296875,
        -74.1746826171875,
        1.0
      ],
      "name": "Cone005"
    },
    {
      "mesh": 14,
      "name": "Cone005_Material #11_0"
    },
    {
      "children": [
        34
      ],
      "matrix": [
        0.26127732997450126,
        0.5831528573252233,
        0.7691988701466113,
        0.0,
        0.9433898849690875,
        0.014412850057643653,
        -0.33137241207128537,
        0.0,
        -0.20432712909689937,
        0.812234581092113,
        -0.5463747885775283,
        0.0,
        73.23451232910156,
        179.22052001953125,
        -42.0562744140625,
        1.0
      ],
      "name": "Cone006"
    },
    {
      "mesh": 15,
      "name": "Cone006_Material #11_0"
    },
    {
      "children": [
        36
      ],
      "matrix": [
        0.8635520897404483,
        -5.551115123125783e-17,
        -0.5042596437401121,
        0.0,
        -0.5042596437401121,
        -2.220446049250313e-16,
        -0.8635520897404484,
        0.0,
        -5.551115123125783e-17,
        1.0,
        -2.220446049250313e-16,
        0.0,
        15.450523376464844,
        28.4183349609375,
        -46.48187255859375,
        1.0
      ],
      "name": "Cylinder019"
    },
    {
      "mesh": 16,
      "name": "Cylinder019_Material #11_0"
    },
    {
      "children": [
        38
      ],
      "matrix": [
        0.9937241051956608,
        0.0,
        0.11185885192099637,
        0.0,
        0.11185885192099637,
        0.0,
        -0.9937241051956608,
        0.0,
        0.0,
        1.0,
        0.0,
        0.0,
        18.73565673828125,
        25.70147705078125,
        -35.96856689453125,
        1.0
      ],
      "name": "Cylinder020"
    },
    {
      "mesh": 17,
      "name": "Cylinder020_Material #11_0"
    }
  ],
  "scene": 0,
  "scenes": [
    {
      "name": "Sketchfab_Scene",
      "nodes": [
        0
      ]
    }
  ]
}
